0003 002f 00000000
0003 0039 00000077
0003 0035 00000233
0003 0036 000003fd
0001 014a 00000001
0000 0000 00000000
0003 0036 000003fc
0003 002f 00000001
0003 0039 00000078
0003 0035 00000094
0003 0036 0000023f
0000 0000 00000000
0003 002f 00000000
0003 0035 0000022f
0003 0036 000003f9
0003 002f 00000001
0003 0035 00000099
0003 0036 00000243
0000 0000 00000000
0003 002f 00000000
0003 0035 0000022c
0003 0036 000003f7
0003 002f 00000001
0003 0035 0000009e
0003 0036 00000247
0000 0000 00000000
0003 002f 00000000
0003 0035 00000229
0003 0036 000003f5
0003 002f 00000001
0003 0035 000000a4
0003 0036 0000024c
0000 0000 00000000
0003 002f 00000000
0003 0035 00000224
0003 0036 000003f2
0003 002f 00000001
0003 0035 000000a9
0003 0036 00000251
0000 0000 00000000
0003 002f 00000000
0003 0035 0000021c
0003 0036 000003eb
0003 002f 00000001
0003 0035 000000ae
0003 0036 00000255
0000 0000 00000000
0003 002f 00000000
0003 0035 00000215
0003 0036 000003e3
0003 002f 00000001
0003 0035 000000b4
0003 0036 0000025b
0000 0000 00000000
0003 002f 00000000
0003 0035 0000020d
0003 0036 000003db
0003 002f 00000001
0003 0035 000000bc
0003 0036 00000264
0000 0000 00000000
0003 002f 00000000
0003 0035 00000206
0003 0036 000003d1
0003 002f 00000001
0003 0035 000000c5
0003 0036 0000026f
0000 0000 00000000
0003 002f 00000000
0003 0035 00000200
0003 0036 000003c8
0003 002f 00000001
0003 0035 000000ce
0003 0036 0000027a
0000 0000 00000000
0003 002f 00000000
0003 0035 000001fb
0003 0036 000003be
0003 002f 00000001
0003 0035 000000d8
0003 0036 00000285
0000 0000 00000000
0003 002f 00000000
0003 0035 000001f5
0003 0036 000003b2
0003 002f 00000001
0003 0035 000000e0
0003 0036 0000028f
0000 0000 00000000
0003 002f 00000000
0003 0035 000001ef
0003 0036 000003a4
0003 002f 00000001
0003 0035 000000ea
0003 0036 0000029a
0000 0000 00000000
0003 002f 00000000
0003 0035 000001e8
0003 0036 00000396
0003 002f 00000001
0003 0035 000000f2
0003 0036 000002a2
0000 0000 00000000
0003 002f 00000000
0003 0035 000001e2
0003 0036 00000389
0003 002f 00000001
0003 0035 000000f9
0003 0036 000002aa
0000 0000 00000000
0003 002f 00000000
0003 0035 000001de
0003 0036 0000037f
0003 002f 00000001
0003 0035 000000fe
0003 0036 000002af
0000 0000 00000000
0003 002f 00000000
0003 0035 000001db
0003 0036 00000378
0003 002f 00000001
0003 0035 00000103
0003 0036 000002b4
0000 0000 00000000
0003 002f 00000000
0003 0035 000001d9
0003 0036 00000374
0003 002f 00000001
0003 0035 00000107
0003 0036 000002b9
0000 0000 00000000
0003 002f 00000000
0003 0036 00000370
0003 002f 00000001
0003 0035 0000010b
0003 0036 000002bd
0000 0000 00000000
0003 002f 00000000
0003 0036 0000036e
0003 002f 00000001
0003 0035 0000010f
0003 0036 000002c1
0000 0000 00000000
0003 002f 00000000
0003 0035 000001d8
0003 0036 0000036c
0003 002f 00000001
0003 0035 00000114
0003 0036 000002c5
0000 0000 00000000
0003 002f 00000000
0003 0035 000001d7
0003 0036 0000036b
0003 002f 00000001
0003 0035 0000011a
0003 0036 000002cb
0000 0000 00000000
0003 002f 00000000
0003 0035 000001d6
0003 002f 00000001
0003 0035 00000121
0003 0036 000002d1
0000 0000 00000000
0003 002f 00000000
0003 0035 000001d5
0003 0036 0000036a
0003 002f 00000001
0003 0035 00000128
0003 0036 000002d8
0000 0000 00000000
0003 0035 0000012d
0003 0036 000002de
0000 0000 00000000
0003 0035 00000135
0003 0036 000002e5
0000 0000 00000000
0003 002f 00000000
0003 0035 000001d3
0003 0036 00000368
0003 002f 00000001
0003 0035 00000142
0003 0036 000002ee
0000 0000 00000000
0003 002f 00000000
0003 0035 000001d1
0003 0036 00000366
0003 002f 00000001
0003 0035 00000151
0003 0036 000002f8
0000 0000 00000000
0003 002f 00000000
0003 0035 000001ce
0003 0036 00000362
0003 002f 00000001
0003 0035 0000015e
0003 0036 00000300
0000 0000 00000000
0003 002f 00000000
0003 0035 000001cb
0003 0036 00000361
0003 002f 00000001
0003 0035 00000167
0003 0036 00000305
0000 0000 00000000
0003 002f 00000000
0003 0035 000001c9
0003 0036 0000035f
0003 002f 00000001
0003 0035 0000016c
0003 0036 00000309
0000 0000 00000000
0003 002f 00000000
0003 0036 0000035d
0003 002f 00000001
0003 0035 0000016f
0003 0036 0000030b
0000 0000 00000000
0003 002f 00000000
0003 0035 000001c8
0003 0036 0000035c
0003 002f 00000001
0003 0035 00000172
0003 0036 0000030d
0000 0000 00000000
0003 002f 00000000
0003 0035 000001c7
0003 0036 0000035b
0003 002f 00000001
0003 0035 00000173
0003 0036 0000030e
0000 0000 00000000
0003 0035 00000174
0000 0000 00000000
0003 0036 0000030f
0000 0000 00000000
0003 0035 00000176
0003 0036 00000311
0000 0000 00000000
0003 0035 00000177
0003 0036 00000314
0000 0000 00000000
0003 0035 00000178
0003 0036 00000317
0000 0000 00000000
0003 0035 0000017e
0003 0036 0000031e
0003 002f 00000000
0003 0039 ffffffff
0000 0000 00000000
0003 002f 00000001
0003 0039 ffffffff
0001 014a 00000000
0000 0000 00000000