0003 0039 00000c4e
0003 0035 000001d0
0003 0036 0000040d
0001 014a 00000001
0000 0000 00000000
0003 0035 000001cf
0003 0036 0000040c
0000 0000 00000000
0003 0035 000001ce
0003 0036 00000408
0000 0000 00000000
0003 0035 000001cd
0003 0036 00000404
0000 0000 00000000
0003 0035 000001cc
0003 0036 000003ff
0000 0000 00000000
0003 0035 000001cb
0003 0036 000003f6
0000 0000 00000000
0003 0036 000003ea
0000 0000 00000000
0003 0036 000003dd
0000 0000 00000000
0003 0036 000003d0
0000 0000 00000000
0003 0036 000003c2
0000 0000 00000000
0003 0035 000001cc
0003 0036 000003b2
0000 0000 00000000
0003 0035 000001cd
0003 0036 000003a2
0000 0000 00000000
0003 0035 000001ce
0003 0036 00000391
0000 0000 00000000
0003 0035 000001cf
0003 0036 00000380
0000 0000 00000000
0003 0035 000001d1
0003 0036 0000036f
0000 0000 00000000
0003 0036 0000035d
0000 0000 00000000
0003 0035 000001d3
0003 0036 0000034d
0000 0000 00000000
0003 0035 000001d5
0003 0036 0000033d
0000 0000 00000000
0003 0035 000001d7
0003 0036 0000032e
0000 0000 00000000
0003 0035 000001d9
0003 0036 0000031f
0000 0000 00000000
0003 0035 000001da
0003 0036 00000311
0000 0000 00000000
0003 0035 000001db
0003 0036 00000302
0000 0000 00000000
0003 0035 000001dd
0003 0036 000002f4
0000 0000 00000000
0003 0035 000001df
0003 0036 000002e5
0000 0000 00000000
0003 0035 000001e0
0003 0036 000002d7
0000 0000 00000000
0003 0035 000001e1
0003 0036 000002c9
0000 0000 00000000
0003 0035 000001e3
0003 0036 000002bd
0000 0000 00000000
0003 0035 000001e5
0003 0036 000002b1
0000 0000 00000000
0003 0035 000001e6
0003 0036 000002a4
0000 0000 00000000
0003 0035 000001e8
0003 0036 00000298
0000 0000 00000000
0003 0036 0000028d
0000 0000 00000000
0003 0035 000001ea
0003 0036 00000280
0000 0000 00000000
0003 0035 000001eb
0003 0036 00000276
0000 0000 00000000
0003 0035 000001ed
0003 0036 0000026a
0000 0000 00000000
0003 0035 000001ef
0003 0036 0000025c
0000 0000 00000000
0003 0036 0000024f
0000 0000 00000000
0003 0035 000001f1
0003 0036 00000243
0000 0000 00000000
0003 0035 000001f2
0003 0036 00000234
0000 0000 00000000
0003 0035 000001f5
0003 0036 00000224
0000 0000 00000000
0003 0035 000001f7
0003 0036 00000213
0000 0000 00000000
0003 0035 000001fa
0003 0036 00000205
0000 0000 00000000
0003 0035 000001fd
0003 0036 000001f7
0000 0000 00000000
0003 0035 00000200
0003 0036 000001e9
0000 0000 00000000
0003 0035 00000204
0003 0036 000001dc
0000 0000 00000000
0003 0035 00000206
0003 0036 000001cf
0000 0000 00000000
0003 0035 00000209
0003 0036 000001c2
0000 0000 00000000
0003 0035 0000020b
0003 0036 000001b6
0000 0000 00000000
0003 0035 0000020d
0003 0036 000001ab
0000 0000 00000000
0003 0035 00000210
0003 0036 000001a2
0000 0000 00000000
0003 0035 00000212
0003 0036 0000019a
0000 0000 00000000
0003 0035 00000215
0003 0036 00000194
0000 0000 00000000
0003 0036 0000018f
0000 0000 00000000
0003 0035 00000217
0003 0036 0000018a
0000 0000 00000000
0003 0035 00000218
0003 0036 00000186
0000 0000 00000000
0003 0035 00000219
0003 0036 00000182
0000 0000 00000000
0003 0036 0000017f
0000 0000 00000000
0003 0035 0000021a
0003 0036 0000017c
0000 0000 00000000
0003 0036 0000017a
0000 0000 00000000
0003 0036 00000178
0000 0000 00000000
0003 0036 00000177
0000 0000 00000000
0003 0036 00000175
0000 0000 00000000
0003 0036 00000174
0000 0000 00000000
0003 0036 00000173
0000 0000 00000000
0003 0035 0000021b
0003 0036 00000172
0000 0000 00000000
0003 0036 00000171
0000 0000 00000000
0003 0036 00000170
0000 0000 00000000
0003 0036 0000016f
0000 0000 00000000
0003 0036 0000016e
0000 0000 00000000
0003 0039 ffffffff
0001 014a 00000000
0000 0000 00000000