0003 0039 00001f7f
0003 0035 00000155
0003 0036 00000489
0001 014a 00000001
0000 0000 00000000
0003 0035 00000154
0003 0036 00000488
0000 0000 00000000
0003 0035 0000014a
0003 0036 00000484
0000 0000 00000000
0003 0035 00000140
0003 0036 0000047f
0000 0000 00000000
0003 0035 00000131
0003 0036 00000476
0000 0000 00000000
0003 0035 0000011c
0003 0036 00000469
0000 0000 00000000
0003 0035 00000103
0003 0036 00000456
0000 0000 00000000
0003 0035 000000e6
0003 0036 0000043e
0000 0000 00000000
0003 0035 000000c8
0003 0036 00000421
0000 0000 00000000
0003 0035 000000a2
0003 0036 000003f5
0000 0000 00000000
0003 0035 0000007d
0003 0036 000003bc
0000 0000 00000000
0003 0035 0000005a
0003 0036 0000037d
0000 0000 00000000
0003 0035 00000042
0003 0036 00000331
0000 0000 00000000
0003 0035 00000032
0003 0036 000002c8
0000 0000 00000000
0003 0035 00000025
0003 0036 0000024d
0000 0000 00000000
0003 0035 00000028
0003 0036 000001d1
0000 0000 00000000
0003 0035 00000033
0003 0036 00000165
0000 0000 00000000
0003 0035 00000049
0003 0036 00000106
0000 0000 00000000
0003 0039 ffffffff
0001 014a 00000000
0000 0000 00000000
