0003 002f 00000000
0003 0039 00000cb1
0003 0035 000000b2
0003 0036 00000271
0001 014a 00000001
0000 0000 00000000
0003 0036 00000270
0000 0000 00000000
0003 0035 000000b7
0003 0036 0000026c
0000 0000 00000000
0003 0035 000000c0
0003 0036 00000268
0000 0000 00000000
0003 0035 000000ce
0003 0036 00000262
0000 0000 00000000
0003 0035 000000e0
0003 0036 0000025d
0000 0000 00000000
0003 0035 000000f3
0003 0036 00000257
0000 0000 00000000
0003 0035 00000106
0003 0036 00000251
0000 0000 00000000
0003 0035 0000011c
0003 0036 0000024b
0000 0000 00000000
0003 0035 00000135
0003 0036 00000244
0000 0000 00000000
0003 0035 0000014f
0003 0036 0000023e
0000 0000 00000000
0003 0035 00000169
0003 0036 00000237
0000 0000 00000000
0003 0035 0000018a
0003 0036 00000230
0000 0000 00000000
0003 0035 000001af
0003 0036 00000229
0000 0000 00000000
0003 0035 000001d8
0003 0036 00000225
0000 0000 00000000
0003 0039 ffffffff
0001 014a 00000000
0000 0000 00000000