0003 0039 00000c63
0003 0035 00000160
0003 0036 0000048f
0001 014a 00000001
0000 0000 00000000
0003 0036 0000048e
0000 0000 00000000
0003 0035 0000015c
0000 0000 00000000
0003 0035 00000159
0000 0000 00000000
0003 0035 00000157
0003 0036 0000048d
0000 0000 00000000
0003 0036 0000048c
0000 0000 00000000
0003 0036 0000048b
0000 0000 00000000
0003 0035 00000158
0003 0036 0000048a
0000 0000 00000000
0003 0036 00000486
0000 0000 00000000
0003 0036 0000047d
0000 0000 00000000
0003 0035 0000015a
0003 0036 0000046f
0000 0000 00000000
0003 0035 0000015e
0003 0036 00000457
0000 0000 00000000
0003 0035 00000160
0003 0036 00000438
0000 0000 00000000
0003 0035 00000162
0003 0036 00000411
0000 0000 00000000
0003 0035 00000163
0003 0036 000003e1
0000 0000 00000000
0003 0036 000003a1
0000 0000 00000000
0003 0035 00000162
0003 0036 00000359
0000 0000 00000000
0003 0035 0000015f
0003 0036 00000311
0000 0000 00000000
0003 0035 0000015c
0003 0036 000002d7
0000 0000 00000000
0003 0036 000002a4
0000 0000 00000000
0003 0035 00000162
0003 0036 00000278
0000 0000 00000000
0003 0039 ffffffff
0001 014a 00000000
0000 0000 00000000