0003 0039 00000641
0003 0035 00000170
0003 0036 0000047f
0001 014a 00000001
0000 0000 00000000
0003 0035 0000016f
0003 0036 0000047e
0000 0000 00000000
0003 0036 0000047a
0000 0000 00000000
0003 0035 0000016e
0003 0036 00000474
0000 0000 00000000
0003 0035 0000016d
0003 0036 00000466
0000 0000 00000000
0003 0036 00000454
0000 0000 00000000
0003 0035 0000016c
0003 0036 0000043a
0000 0000 00000000
0003 0036 0000041a
0000 0000 00000000
0003 0035 0000016e
0003 0036 000003ec
0000 0000 00000000
0003 0035 00000170
0003 0036 000003b8
0000 0000 00000000
0003 0035 00000172
0003 0036 00000380
0000 0000 00000000
0003 0035 00000175
0003 0036 0000034c
0000 0000 00000000
0003 0035 00000177
0003 0036 0000030d
0000 0000 00000000
0003 0035 0000017b
0003 0036 000002ca
0000 0000 00000000
0003 0035 0000017d
0003 0036 00000283
0000 0000 00000000
0003 0035 0000017c
0003 0036 0000024b
0000 0000 00000000
0003 0039 ffffffff
0001 014a 00000000
0000 0000 00000000