0003 0039 00000c6f
0003 0035 00000177
0003 0036 0000047b
0001 014a 00000001
0000 0000 00000000
0003 0035 00000176
0003 0036 00000476
0000 0000 00000000
0003 0035 00000177
0003 0036 0000046f
0000 0000 00000000
0003 0035 00000179
0003 0036 00000460
0000 0000 00000000
0003 0035 0000017b
0003 0036 00000446
0000 0000 00000000
0003 0036 00000416
0000 0000 00000000
0003 0035 00000179
0003 0036 000003d6
0000 0000 00000000
0003 0035 00000177
0003 0036 00000389
0000 0000 00000000
0003 0035 00000179
0003 0036 00000329
0000 0000 00000000
0003 0035 00000185
0003 0036 000002b0
0000 0000 00000000
0003 0035 00000195
0003 0036 0000022c
0000 0000 00000000
0003 0035 000001ab
0003 0036 000001ab
0000 0000 00000000
0003 0035 000001c3
0003 0036 0000012c
0000 0000 00000000
0003 0039 ffffffff
0001 014a 00000000
0000 0000 00000000