import datetime
>>> import os
>>> import sys
>>> from PIL import Image
>>> import numpy as np
>>> im1 = Image.open("/tmp/screen1.png")
>>> im2 = Image.open("/tmp/screen2.png")
>>> import ImageChops
>>> diff = ImageChops.difference(im1, im2)
>>> diff.save("/tmp/diff.png")
>>> im2 = Image.open("/tmp/screen3.png")
>>> diff = ImageChops.difference(im1, im2)
>>> diff.save("/tmp/diff.png")
>>> from skimage.measure import compare_ssim
Traceback (most recent call last):
  File "<stdin>", line 1, in <module>
ImportError: No module named skimage.measure

h = ImageChops.difference(im1, im2).histogram()

>>> import cv2 as cv
>>> cv
<module 'cv2' from '/usr/lib/python2.7/dist-packages/cv2.x86_64-linux-gnu.so'>
>>> im1 = cv.im = cv.getRectSubPix(im_bw, (98, 33), (1, 1))
KeyboardInterrupt
>>> im = cv.getRectSubPix(im1, (98, 33), (1, 1))
Traceback (most recent call last):
  File "<stdin>", line 1, in <module>
TypeError: image is not a numpy array, neither a scalar
>>> im1.crop((1, 1, 98, 33))
<PIL.Image.Image image mode=RGBA size=97x32 at 0x7F5948E64ED0>
>>> im1.crop((504, 884, 556, 992))
<PIL.Image.Image image mode=RGBA size=52x108 at 0x7F5948E64F10>
>>> im = im1.crop((504, 884, 556, 992))
>>> im.save("/tmp/im1.png")
>>> im = im1.crop((480, 870, 556, 980))
>>> im.save("/tmp/im1.png")
>>> im = im1.crop((490, 870, 556, 970))
>>> im.save("/tmp/im1.png")
>>> im2 = im2.crop((490, 870, 556, 970))
>>> im1 = im1.crop((490, 870, 556, 970))
>>> im.save("/tmp/im2.png")
>>> im2.save("/tmp/im2.png")
>>> h = ImageChops.difference(im1, im2).histogram()
>>> h
[4559, 164, 132, 93, 64, 76, 34, 50, 22, 31, 25, 23, 17, 16, 26, 16, 16, 14, 12, 20, 16, 10, 15, 10, 15, 11, 7, 17, 5, 8, 11, 4, 10, 10, 9, 11, 15, 13, 23, 3, 8, 13, 10, 12, 5, 6, 5, 10, 6, 10, 6, 6, 11, 6, 7, 5, 9, 10, 7, 3, 9, 6, 3, 7, 5, 3, 6, 5, 13, 8, 10, 4, 6, 4, 8, 15, 4, 10, 9, 12, 10, 9, 10, 6, 13, 6, 9, 7, 9, 8, 4, 10, 8, 10, 11, 11, 5, 9, 6, 6, 4, 4, 11, 11, 8, 4, 7, 8, 8, 6, 7, 14, 14, 10, 12, 5, 9, 5, 5, 8, 10, 5, 9, 4, 4, 5, 9, 11, 10, 7, 5, 8, 5, 4, 9, 7, 10, 8, 10, 10, 11, 13, 14, 12, 13, 12, 14, 12, 6, 5, 6, 5, 5, 3, 1, 1, 5, 6, 7, 5, 3, 2, 1, 1, 0, 3, 2, 2, 6, 3, 1, 1, 1, 0, 0, 2, 1, 1, 2, 0, 0, 0, 0, 0, 0, 0, 0, 0, 0, 0, 0, 0, 0, 0, 0, 0, 0, 0, 0, 0, 0, 0, 0, 0, 0, 0, 0, 0, 0, 0, 0, 0, 0, 0, 0, 0, 0, 0, 0, 0, 0, 0, 0, 0, 0, 0, 0, 0, 0, 0, 0, 0, 0, 0, 0, 0, 0, 0, 0, 0, 0, 0, 0, 0, 0, 0, 0, 0, 0, 0, 0, 0, 0, 0, 0, 0, 4583, 178, 125, 117, 83, 75, 68, 54, 56, 37, 38, 32, 21, 36, 16, 31, 25, 19, 13, 19, 19, 25, 24, 31, 28, 12, 12, 17, 15, 14, 16, 15, 12, 16, 16, 15, 16, 11, 7, 8, 17, 15, 7, 12, 8, 11, 10, 18, 10, 12, 19, 18, 11, 10, 9, 11, 10, 9, 14, 13, 7, 6, 10, 12, 14, 19, 11, 10, 12, 5, 9, 8, 16, 6, 7, 12, 18, 13, 17, 14, 15, 19, 10, 11, 14, 15, 6, 7, 14, 7, 7, 6, 5, 2, 6, 3, 5, 6, 7, 1, 1, 3, 2, 0, 2, 0, 1, 0, 0, 0, 0, 0, 0, 0, 0, 0, 0, 0, 0, 0, 0, 0, 0, 0, 0, 0, 0, 0, 0, 0, 0, 0, 0, 0, 0, 0, 0, 0, 0, 0, 0, 0, 0, 0, 0, 0, 0, 0, 0, 0, 0, 0, 0, 0, 0, 0, 0, 0, 0, 0, 0, 0, 0, 0, 0, 0, 0, 0, 0, 0, 0, 0, 0, 0, 0, 0, 0, 0, 0, 0, 0, 0, 0, 0, 0, 0, 0, 0, 0, 0, 0, 0, 0, 0, 0, 0, 0, 0, 0, 0, 0, 0, 0, 0, 0, 0, 0, 0, 0, 0, 0, 0, 0, 0, 0, 0, 0, 0, 0, 0, 0, 0, 0, 0, 0, 0, 0, 0, 0, 0, 0, 0, 0, 0, 0, 0, 0, 0, 0, 0, 0, 0, 0, 0, 0, 0, 0, 0, 0, 0, 0, 0, 0, 0, 0, 0, 4606, 185, 131, 103, 94, 79, 69, 50, 46, 38, 34, 39, 23, 22, 28, 20, 24, 19, 26, 27, 13, 24, 22, 15, 15, 19, 25, 13, 11, 13, 10, 8, 20, 4, 16, 9, 14, 10, 10, 7, 13, 10, 9, 10, 16, 23, 22, 17, 16, 14, 14, 27, 16, 11, 17, 17, 17, 8, 15, 15, 15, 14, 18, 14, 12, 17, 22, 11, 14, 10, 22, 10, 8, 9, 13, 7, 6, 7, 13, 9, 5, 5, 10, 7, 10, 9, 6, 6, 6, 5, 2, 5, 6, 4, 2, 1, 0, 0, 4, 2, 0, 0, 0, 1, 0, 0, 3, 1, 1, 0, 0, 0, 0, 0, 0, 0, 0, 0, 0, 0, 0, 0, 0, 0, 0, 0, 0, 0, 0, 0, 0, 0, 0, 0, 0, 0, 0, 0, 0, 0, 0, 0, 0, 0, 0, 0, 0, 0, 0, 0, 0, 0, 0, 0, 0, 0, 0, 0, 0, 0, 0, 0, 0, 0, 0, 0, 0, 0, 0, 0, 0, 0, 0, 0, 0, 0, 0, 0, 0, 0, 0, 0, 0, 0, 0, 0, 0, 0, 0, 0, 0, 0, 0, 0, 0, 0, 0, 0, 0, 0, 0, 0, 0, 0, 0, 0, 0, 0, 0, 0, 0, 0, 0, 0, 0, 0, 0, 0, 0, 0, 0, 0, 0, 0, 0, 0, 0, 0, 0, 0, 0, 0, 0, 0, 0, 0, 0, 0, 0, 0, 0, 0, 0, 0, 0, 0, 0, 0, 0, 0, 0, 0, 0, 0, 0, 0, 6600, 0, 0, 0, 0, 0, 0, 0, 0, 0, 0, 0, 0, 0, 0, 0, 0, 0, 0, 0, 0, 0, 0, 0, 0, 0, 0, 0, 0, 0, 0, 0, 0, 0, 0, 0, 0, 0, 0, 0, 0, 0, 0, 0, 0, 0, 0, 0, 0, 0, 0, 0, 0, 0, 0, 0, 0, 0, 0, 0, 0, 0, 0, 0, 0, 0, 0, 0, 0, 0, 0, 0, 0, 0, 0, 0, 0, 0, 0, 0, 0, 0, 0, 0, 0, 0, 0, 0, 0, 0, 0, 0, 0, 0, 0, 0, 0, 0, 0, 0, 0, 0, 0, 0, 0, 0, 0, 0, 0, 0, 0, 0, 0, 0, 0, 0, 0, 0, 0, 0, 0, 0, 0, 0, 0, 0, 0, 0, 0, 0, 0, 0, 0, 0, 0, 0, 0, 0, 0, 0, 0, 0, 0, 0, 0, 0, 0, 0, 0, 0, 0, 0, 0, 0, 0, 0, 0, 0, 0, 0, 0, 0, 0, 0, 0, 0, 0, 0, 0, 0, 0, 0, 0, 0, 0, 0, 0, 0, 0, 0, 0, 0, 0, 0, 0, 0, 0, 0, 0, 0, 0, 0, 0, 0, 0, 0, 0, 0, 0, 0, 0, 0, 0, 0, 0, 0, 0, 0, 0, 0, 0, 0, 0, 0, 0, 0, 0, 0, 0, 0, 0, 0, 0, 0, 0, 0, 0, 0, 0, 0, 0, 0, 0, 0, 0, 0, 0, 0, 0, 0, 0, 0, 0, 0, 0, 0, 0, 0, 0, 0, 0, 0, 0, 0, 0, 0]
>>> diff =  ImageChops.difference(im1, im2)
>>> diff.save("/tmp/diff.png")
>>> diff
<PIL.Image.Image image mode=RGBA size=66x100 at 0x7F5949224150>