0003 0039 00000013
0003 0035 0000039f
0003 0036 000004cb
0003 003a 00000034
0003 0030 00000008
0001 014a 00000001
0000 0000 00000000
0003 003a 00000037
0003 0030 0000000a
0000 0000 00000000
0003 003a 00000036
0000 0000 00000000
0003 003a 00000034
0003 0030 00000008
0000 0000 00000000
0003 003a 00000017
0003 0030 00000004
0000 0000 00000000
0003 0039 ffffffff
0001 014a 00000000
0000 0000 00000000
0003 0039 00000014
0003 0035 000000c8
0003 0036 000003ba
0003 003a 0000003a
0003 0030 00000007
0001 014a 00000001
0000 0000 00000000
0003 003a 0000003e
0000 0000 00000000
0003 003a 0000003d
0003 0030 00000009
0000 0000 00000000
0003 003a 0000003c
0000 0000 00000000
0003 003a 0000003a
0003 0030 0000000a
0000 0000 00000000
0003 003a 00000039
0000 0000 00000000
0003 0035 000000e1
0003 0036 000003b6
0003 003a 00000038
0003 0030 00000009
0000 0000 00000000
0003 0035 000000f2
0003 0036 000003b4
0003 003a 0000003d
0003 0030 0000000a
0000 0000 00000000
0003 0035 00000107
0003 0036 000003b1
0003 003a 0000003c
0000 0000 00000000
0003 0035 00000121
0003 0036 000003ad
0003 003a 0000003e
0000 0000 00000000
0003 0035 0000014b
0003 0036 000003a9
0003 003a 0000003d
0000 0000 00000000
0003 0035 0000016e
0003 0036 000003a5
0003 003a 0000003f
0000 0000 00000000
0003 0035 00000191
0003 0036 000003a1
0000 0000 00000000
0003 0035 000001b0
0003 0036 0000039e
0003 003a 00000039
0000 0000 00000000
0003 0035 000001de
0003 0036 0000039a
0003 003a 0000003f
0000 0000 00000000
0003 0035 0000020b
0003 0036 00000396
0003 003a 00000040
0000 0000 00000000
0003 0035 00000230
0003 0036 00000395
0003 003a 0000003c
0003 0030 00000008
0000 0000 00000000
0003 0035 00000261
0003 0036 00000394
0003 003a 0000003b
0003 0030 0000000a
0000 0000 00000000
0003 0035 00000294
0003 003a 00000037
0003 0030 00000008
0000 0000 00000000
0003 0035 000002cf
0003 0036 00000397
0000 0000 00000000
0003 0035 0000030b
0003 0036 00000399
0003 003a 00000030
0000 0000 00000000
0003 0035 0000033e
0003 0036 0000039d
0003 003a 0000002b
0003 0030 00000006
0000 0000 00000000
0003 0035 0000037b
0003 0036 000003a7
0003 003a 00000026
0003 0030 00000004
0000 0000 00000000
0003 0035 000003d1
0003 0036 000003b2
0003 003a 00000017
0003 0030 00000003
0000 0000 00000000
0003 0039 ffffffff
0001 014a 00000000
0000 0000 00000000
0003 0039 00000015
0003 0035 00000242
0003 0036 000006f1
0003 003a 00000035
0003 0030 00000006
0001 014a 00000001
0000 0000 00000000
0003 003a 00000037
0000 0000 00000000
0003 003a 00000038
0000 0000 00000000
0003 003a 00000036
0000 0000 00000000
0003 003a 00000032
0000 0000 00000000
0003 003a 00000024
0000 0000 00000000
0003 003a 0000000e
0003 0030 00000002
0000 0000 00000000
0003 0039 ffffffff
0001 014a 00000000
0000 0000 00000000

