http://www.programering.com/a/MTOwATMwATY.html
https://www.kernel.org/doc/Documentation/input/multi-touch-protocol.txt

0003 002f 00000000	EV_ABS  0x2f    /* MT slot being modified */ 
0003 0039 000000b1			0x39    /* Unique ID of initiated contact */ 
0003 0035 0000022e			0x35    /* Center X ellipse position */   
0003 0036 00000469			0x36    /* Center Y ellipse position */ 
0003 003a 00000034			0x3a    /* Pressure on contact area */ 
0003 0030 00000007			0x30    /* Major axis of touching ellipse */ 
0001 014a 00000001	EV_KEY
0000 0000 00000000
0003 003a 00000035
0003 0030 00000009
0000 0000 00000000
0003 003a 00000034
0000 0000 00000000
0003 003a 00000028
0003 0030 00000005
0000 0000 00000000
0003 0039 ffffffff
0001 014a 00000000
0000 0000 00000000
0003 0039 000000b2
0003 0035 00000143
0003 0036 00000386
0003 003a 00000026
0001 014a 00000001
0000 0000 00000000
0003 003a 0000002d
0003 0030 00000006
0000 0000 00000000
0003 0035 00000154
0003 0036 00000381
0003 003a 00000034
0000 0000 00000000
0003 0035 0000015a
0003 0036 00000380
0003 003a 00000036
0003 0030 00000008
0000 0000 00000000
0003 0035 00000166
0003 0036 0000037e
0003 003a 00000037
0003 0030 00000006
0000 0000 00000000
0003 0035 00000178
0003 0036 0000037b
0003 003a 0000003a
0003 0030 00000008
0000 0000 00000000
0003 0035 0000019c
0003 0036 00000376
0003 003a 00000036
0003 0030 00000006
0000 0000 00000000
0003 0035 000001bb
0003 0036 00000373
0003 003a 00000038
0003 0030 00000008
0000 0000 00000000
0003 0035 000001ea
0003 0036 0000036e
0003 003a 00000035
0003 0030 00000007
0000 0000 00000000
0003 0035 0000022f
0003 0036 00000367
0003 003a 00000033
0000 0000 00000000
0003 0035 0000027f
0003 0036 00000366
0003 003a 0000002b
0003 0030 00000006
0000 0000 00000000
0003 0035 000002bb
0003 003a 00000021
0003 0030 00000005
0000 0000 00000000
0003 0035 0000030c
0003 0036 00000365
0003 003a 0000000f
0003 0030 00000003
0000 0000 00000000
0003 0039 ffffffff
0001 014a 00000000
0000 0000 00000000
0003 0039 000000b3
0003 0035 00000214
0003 0036 000006d9
0003 003a 0000002a
0003 0030 00000006
0001 014a 00000001
0000 0000 00000000
0003 003a 0000002e
0003 0030 00000007
0000 0000 00000000
0003 003a 0000002f
0003 0030 00000005
0000 0000 00000000
0003 003a 00000029
0000 0000 00000000
0003 003a 00000019
0003 0030 00000003
0000 0000 00000000
0003 0039 ffffffff
0001 014a 00000000
0000 0000 00000000
