0003 0039 00000152
0003 0035 00000306
0003 0036 00000375
0003 003a 00000023
0001 014a 00000001
0000 0000 00000000
0003 0039 ffffffff
0001 014a 00000000
0000 0000 00000000
0003 0039 00000153
0003 0035 00000312
0003 0036 0000035d
0003 003a 0000002c
0003 0030 00000005
0001 014a 00000001
0000 0000 00000000
0003 003a 00000022
0003 0030 00000004
0000 0000 00000000
0003 0039 ffffffff
0001 014a 00000000
0000 0000 00000000
0003 0039 00000154
0003 0035 0000030a
0003 0036 0000034b
0003 003a 00000030
0001 014a 00000001
0000 0000 00000000
0003 003a 0000001d
0003 0030 00000003
0000 0000 00000000
0003 0039 ffffffff
0001 014a 00000000
0000 0000 00000000
0003 0039 00000155
0003 0035 00000305
0003 0036 00000350
0003 003a 00000039
0003 0030 00000004
0001 014a 00000001
0000 0000 00000000
0003 003a 0000002a
0003 0030 00000002
0000 0000 00000000
0003 0039 ffffffff
0001 014a 00000000
0000 0000 00000000
0003 0039 00000156
0003 0035 00000321
0003 0036 00000341
0003 003a 0000002c
0003 0030 00000004
0001 014a 00000001
0000 0000 00000000
0003 0039 ffffffff
0001 014a 00000000
0000 0000 00000000
0003 0039 00000157
0003 0035 0000030f
0003 0036 00000350
0003 003a 0000002f
0001 014a 00000001
0000 0000 00000000
0003 0039 ffffffff
0001 014a 00000000
0000 0000 00000000
0003 0039 00000158
0003 0035 00000323
0003 0036 0000034a
0003 003a 0000002d
0001 014a 00000001
0000 0000 00000000
0003 003a 0000002b
0000 0000 00000000
0003 0039 ffffffff
0001 014a 00000000
0000 0000 00000000
0003 0039 00000159
0003 0035 00000314
0003 0036 0000033c
0003 003a 00000033
0001 014a 00000001
0000 0000 00000000
0003 003a 0000001c
0000 0000 00000000
0003 0039 ffffffff
0001 014a 00000000
0000 0000 00000000
0003 0039 0000015a
0003 0035 000002fd
0003 0036 00000341
0003 003a 00000039
0001 014a 00000001
0000 0000 00000000
0003 003a 0000001f
0003 0030 00000002
0000 0000 00000000
0003 0039 ffffffff
0001 014a 00000000
0000 0000 00000000
0003 0039 0000015b
0003 0035 00000318
0003 0036 00000347
0003 003a 00000026
0003 0030 00000004
0001 014a 00000001
0000 0000 00000000
0003 0039 ffffffff
0001 014a 00000000
0000 0000 00000000