0003 0039 0000018c
0003 0035 00000264
0003 0036 000004e2
0003 003a 00000042
0001 014a 00000001
0000 0000 00000000
0003 0035 0000025d
0003 0036 00000441
0003 003a 00000045
0000 0000 00000000
0003 0035 00000263
0003 0036 000003a2
0003 003a 00000048
0000 0000 00000000
0003 0035 0000027c
0003 0036 00000323
0003 003a 00000047
0003 0030 00000005
0000 0000 00000000
0003 0035 000002a2
0003 0036 000002c2
0003 003a 00000042
0000 0000 00000000
0003 0035 000002a9
0003 0036 000002b6
0003 003a 0000003b
0003 0030 00000004
0000 0000 00000000
0003 0035 000002ad
0003 0036 000002b1
0003 003a 00000044
0003 0030 00000005
0000 0000 00000000
0003 0035 000002af
0003 0036 000002ad
0003 003a 00000048
0003 0030 00000006
0000 0000 00000000
0003 0035 000002b1
0003 0036 000002ac
0003 003a 0000004b
0003 0030 00000005
0000 0000 00000000
0003 0036 000002ab
0003 003a 00000042
0003 0030 00000006
0000 0000 00000000
0003 0039 ffffffff
0001 014a 00000000
0000 0000 00000000