0003 0039 000000ac
0003 0035 00000241
0003 0036 00000437
0000 0000 00000000
0003 0039 ffffffff
0000 0000 00000000
0003 0039 000000ad
0003 0035 00000138
0003 0036 00000325
0003 003a 00000033
0003 0030 00000005
0000 0000 00000000
0003 0035 00000139
0003 003a 00000035
0000 0000 00000000
0003 0035 0000013c
0003 0036 00000324
0000 0000 00000000
0003 0035 00000142
0003 003a 00000037
0000 0000 00000000
0003 0035 0000014c
0003 0036 00000323
0000 0000 00000000
0003 0035 0000015d
0003 0036 00000321
0000 0000 00000000
0003 0035 00000173
0003 0036 0000031f
0000 0000 00000000
0003 0035 00000190
0003 0036 0000031c
0000 0000 00000000
0003 0035 000001b3
0003 0036 0000031a
0000 0000 00000000
0003 0035 000001df
0003 0036 00000318
0000 0000 00000000
0003 0035 0000020c
0003 0036 00000317
0000 0000 00000000
0003 0035 00000241
0003 0036 00000316
0000 0000 00000000
0003 0035 0000027c
0003 003a 00000036
0000 0000 00000000
0003 0035 000002b6
0003 0036 00000317
0000 0000 00000000
0003 0035 000002f2
0003 0036 00000318
0003 003a 00000035
0000 0000 00000000
0003 0039 ffffffff
0000 0000 00000000
0003 0039 000000ae
0003 0035 00000228
0003 0036 0000064d
0003 003a 00000032
0000 0000 00000000
0003 0036 0000064c
0003 003a 00000036
0000 0000 00000000
0003 0036 0000064b
0000 0000 00000000
0003 0036 0000064a
0000 0000 00000000
0003 0036 00000649
0000 0000 00000000
0003 0036 00000648
0000 0000 00000000
0003 0039 ffffffff
0000 0000 00000000
