0003 0039 0000006a
0003 0035 000001df
0003 0036 0000047d
0003 003a 00000032
0000 0000 00000000
0003 0039 ffffffff
0000 0000 00000000
0003 0039 0000006b
0003 0035 0000011e
0003 0036 00000377
0003 003a 00000034
0000 0000 00000000
0003 0035 0000011f
0003 003a 00000035
0000 0000 00000000
0003 0035 00000121
0000 0000 00000000
0003 0035 00000125
0003 003a 00000036
0000 0000 00000000
0003 0035 0000012b
0000 0000 00000000
0003 0035 00000133
0000 0000 00000000
0003 0035 0000013b
0000 0000 00000000
0003 0035 00000144
0000 0000 00000000
0003 0035 0000014f
0003 0036 00000376
0000 0000 00000000
0003 0035 0000015d
0003 0036 00000375
0000 0000 00000000
0003 0035 0000016f
0003 0036 00000374
0003 003a 00000038
0000 0000 00000000
0003 0035 00000181
0003 0036 00000373
0000 0000 00000000
0003 0035 00000197
0003 0036 00000372
0000 0000 00000000
0003 0035 000001b4
0003 0036 00000371
0000 0000 00000000
0003 0035 000001d1
0000 0000 00000000
0003 0035 000001f6
0003 0036 00000372
0003 003a 00000037
0000 0000 00000000
0003 0035 0000021a
0003 0036 00000374
0000 0000 00000000
0003 0035 00000243
0003 0036 00000377
0000 0000 00000000
0003 0035 0000026b
0003 0036 0000037a
0003 003a 00000036
0000 0000 00000000
0003 0035 00000292
0003 0036 0000037d
0000 0000 00000000
0003 0035 000002be
0003 0036 0000037f
0003 003a 00000035
0000 0000 00000000
0003 0035 000002e8
0003 003a 00000034
0000 0000 00000000
0003 0035 00000313
0003 003a 00000033
0000 0000 00000000
0003 0039 ffffffff
0000 0000 00000000
0003 0039 0000006c
0003 0035 0000022a
0003 0036 00000641
0003 003a 00000030
0003 0030 00000004
0000 0000 00000000
0003 0039 ffffffff
0000 0000 00000000
