0003 0039 00000088
0003 0035 000001ec
0003 0036 000003f7
0003 003a 00000031
0000 0000 00000000
0003 0039 ffffffff
0000 0000 00000000
0003 0039 00000089
0003 0035 00000100
0003 0036 00000358
0000 0000 00000000
0003 0036 00000357
0003 003a 00000036
0000 0000 00000000
0003 0036 00000356
0003 003a 00000038
0000 0000 00000000
0003 0035 00000101
0003 0036 00000355
0000 0000 00000000
0003 0035 00000102
0003 0036 00000354
0000 0000 00000000
0003 0035 00000104
0003 0036 00000353
0000 0000 00000000
0003 0035 00000107
0003 0036 00000352
0000 0000 00000000
0003 0035 0000010c
0003 0036 00000351
0000 0000 00000000
0003 0035 00000115
0003 0036 00000350
0000 0000 00000000
0003 0035 00000123
0003 0036 0000034e
0000 0000 00000000
0003 0035 00000134
0003 0036 0000034b
0000 0000 00000000
0003 0035 00000147
0003 0036 00000347
0000 0000 00000000
0003 0035 00000163
0003 0036 00000342
0000 0000 00000000
0003 0035 0000017f
0003 0036 0000033c
0003 0030 00000006
0000 0000 00000000
0003 0035 000001a3
0003 0036 00000335
0000 0000 00000000
0003 0035 000001c5
0003 0036 0000032f
0000 0000 00000000
0003 0035 000001f2
0003 0036 0000032a
0000 0000 00000000
0003 0035 0000021d
0003 0036 00000326
0000 0000 00000000
0003 0035 0000024e
0003 0036 00000325
0000 0000 00000000
0003 0035 00000287
0003 0036 00000326
0000 0000 00000000
0003 0035 000002c2
0003 0036 00000329
0003 003a 00000037
0000 0000 00000000
0003 0035 000002fd
0003 0036 0000032e
0000 0000 00000000
0003 0035 00000338
0003 0036 00000332
0000 0000 00000000
0003 0035 00000374
0003 0036 00000336
0003 003a 00000036
0000 0000 00000000
0003 0035 000003b1
0003 0036 00000337
0003 003a 00000035
0003 0030 00000005
0000 0000 00000000
0003 0039 ffffffff
0000 0000 00000000
0003 0039 0000008a
0003 0035 00000216
0003 0036 00000653
0003 003a 00000034
0000 0000 00000000
0003 0039 ffffffff
0000 0000 00000000
