0003 0039 000000ec
0003 0035 000000b9
0003 0036 0000037f
0003 003a 00000037
0003 0030 00000009
0001 014a 00000001
0000 0000 00000000
0003 003a 0000003c
0000 0000 00000000
0003 003a 00000040
0000 0000 00000000
0003 003a 0000003f
0003 0030 00000007
0000 0000 00000000
0003 003a 0000003b
0003 0030 00000009
0000 0000 00000000
0003 0035 000000cf
0003 0036 0000037a
0003 003a 00000041
0003 0030 00000008
0000 0000 00000000
0003 0035 000000ed
0003 0036 00000378
0003 003a 00000044
0003 0030 00000009
0000 0000 00000000
0003 0035 00000115
0003 0036 00000376
0003 003a 00000039
0003 0030 00000007
0000 0000 00000000
0003 0035 0000015f
0003 0036 00000378
0003 003a 00000038
0003 0030 00000006
0000 0000 00000000
0003 0035 000001ad
0003 0036 0000037b
0003 003a 0000003b
0000 0000 00000000
0003 0035 0000020a
0003 0036 00000381
0003 003a 00000031
0000 0000 00000000
0003 0035 00000265
0003 0036 00000389
0003 003a 0000002c
0000 0000 00000000
0003 0035 000002b5
0003 0036 00000396
0003 003a 00000025
0003 0030 00000005
0000 0000 00000000
0003 0035 00000309
0003 0036 000003a3
0003 003a 0000001e
0003 0030 00000006
0000 0000 00000000
0003 0039 ffffffff
0001 014a 00000000
0000 0000 00000000





