0003 0039 000000ee
0003 0035 000000e7
0003 0036 000003ad
0003 003a 0000003e
0003 0030 0000000a
0001 014a 00000001
0000 0000 00000000
0003 0035 000000f8
0003 003a 00000042
0003 0030 0000000b
0000 0000 00000000
0003 0035 00000109
0003 003a 00000045
0003 0030 0000000a
0000 0000 00000000
0003 0035 00000135
0003 003a 00000044
0000 0000 00000000
0003 0035 00000170
0003 003a 00000040
0003 0030 0000000b
0000 0000 00000000
0003 0035 000001ce
0003 003a 00000038
0003 0030 00000007
0000 0000 00000000
0003 0035 00000236
0003 0036 000003b2
0003 003a 00000036
0003 0030 00000005
0000 0000 00000000
0003 0035 000002b5
0003 0036 000003bd
0003 003a 0000001f
0003 0030 00000004
0000 0000 00000000
0003 0039 ffffffff
0001 014a 00000000
0000 0000 00000000
